LL: 30.285057, -97.745154
UR: 30.287790, -97.741399

UR1: 30.322084, -97.706827
LL1: 30.212242, −97.7472535

UR2: 30.212242, -97.706827
LL2: 30.248856, −97.7472535

UR3: 30.212242, −97.7472535
LL3: 30.248856, -97.787680

UR4: 30.322084, −97.7472535
LL4: 30.212242, -97.787680