LL: 30.285057, -97.745154
UR: 30.287790, -97.741399
